version https://git-lfs.github.com/spec/v1
oid sha256:41f5c3bd19cf6274b03eb39dfb770d485959a7c9307da0c57c8c11d68b491859
size 4096
